Set Pruebas

001088000059584051347072
002088000059584051347072

001088000059609095189156
002088000059609095189156

001088000059610181377291
002088000059610181377291

001088000059614125760910
002088000059614125760910

001088000059615151900038
002088000059615151900038

001088000059621047998808
002088000059621047998808



--NUEVOS--VENCIDOS

001001027675692061615423
002001027675692061615423

001001027675693102203194
002001027675693102203194

001001027675694170721551
002001027675694170721551

001001027675695154780793
002001027675695154780793


-----------------

001001027675696117563561
002001027675696117563561

001001027675707078944536
002001027675707078944536

001001027675709191187628
002001027675709191187628



-----------------------------------------


001001027675710083811943
002001027675710083811943

001001027675711141780107
002001027675711141780107


---------------------------


00100102767571222300380K
00200102767571222300380K

001001027675716085451510
002001027675716085451510


------------------------------------

001001027675717097934266
002001027675717097934266

00100102767571825546051K
00200102767571825546051K



-----------------------------

001054000332682092783200
002054000332682092783200

001054000332683115213407
002054000332683115213407